"[0.         0.84119916 0.92186546 0.93363452 0.89078718 0.94133717
 0.92186272 0.91985244 0.85994005 0.90927142 0.86975253 0.95056289
 0.88077396 0.9011057  0.93165338 0.9206779  0.91472161 0.91918379
 0.91465515 0.94189495 0.94122076 0.95061022 0.93336213 0.93313569
 0.89071214 0.94310915 0.91626233 0.91737974 0.91248894 0.92215878
 0.911632   0.89366645 0.90939879 0.88158518 0.87709653 0.93566787
 0.89251757 0.86609942 0.87532514 0.92898238 0.91167378 0.89085215
 0.892838   0.91331089 0.90588742 0.90468025 0.84681398 0.92433774
 0.84273928 0.93855184 0.88651747]","[0.84119916 0.         0.85978281 0.84847617 0.83666617 0.83768815
 0.87936974 0.86169928 0.83495063 0.85009497 0.86686116 0.85122389
 0.89650351 0.86028284 0.88925874 0.84681964 0.89653045 0.8512634
 0.88280421 0.84839886 0.81719118 0.83060437 0.83773911 0.86930507
 0.86210048 0.82146686 0.87148756 0.87978417 0.87350392 0.85065252
 0.87167245 0.84686965 0.84779626 0.8871541  0.85650378 0.84529257
 0.86963153 0.85732919 0.87241268 0.83544236 0.84245861 0.8776508
 0.84905136 0.84721768 0.84498149 0.87928581 0.87269831 0.85274905
 0.89006615 0.85769957 0.88563395]","[0.92186546 0.85978281 0.         0.91509312 0.90675753 0.9056415
 0.92961097 0.90074927 0.85064393 0.91616863 0.85317999 0.92724907
 0.87471777 0.94121772 0.93604326 0.92266285 0.91116303 0.92526913
 0.92703545 0.92973018 0.91682285 0.91236222 0.92816931 0.917126
 0.93291092 0.95062703 0.92528635 0.89308858 0.90535045 0.88208002
 0.90564454 0.9220531  0.9236629  0.85560173 0.92468429 0.91572249
 0.90459782 0.85754299 0.92203104 0.94083726 0.86387432 0.90194499
 0.881311   0.9112674  0.92444313 0.89277309 0.88599908 0.90662509
 0.84775376 0.90790111 0.90845925]","[0.93363452 0.84847617 0.91509312 0.         0.90541863 0.92699033
 0.91406935 0.903651   0.88311255 0.91337705 0.8708176  0.93034089
 0.89090353 0.89820862 0.91566443 0.93647569 0.90977728 0.92795092
 0.90893435 0.95497286 0.93752789 0.92471981 0.9301219  0.92853159
 0.91019124 0.94246799 0.92937177 0.89188385 0.92328972 0.92281181
 0.90312266 0.90093058 0.91451728 0.90317523 0.87491661 0.95823878
 0.90313882 0.86244565 0.86157918 0.90315729 0.91781509 0.89583468
 0.91119421 0.88785434 0.89758009 0.9312464  0.87176198 0.92518592
 0.84460485 0.92911452 0.89782822]","[0.89078718 0.83666617 0.90675753 0.90541863 0.         0.88498724
 0.90355784 0.86254245 0.88150454 0.88663214 0.84757864 0.93005031
 0.87042779 0.87320775 0.90120459 0.89762175 0.89763361 0.8849076
 0.88843018 0.91455454 0.89392883 0.91225964 0.87479234 0.9158963
 0.87530565 0.90511817 0.91867125 0.86281353 0.89431912 0.8981775
 0.87014419 0.86028928 0.89888901 0.86757046 0.85957712 0.91854167
 0.91687077 0.8649953  0.86160529 0.88306475 0.90527827 0.8675788
 0.88073051 0.87353814 0.85606724 0.87878454 0.84484243 0.89052832
 0.83845592 0.89854413 0.86185211]","[0.94133717 0.83768815 0.9056415  0.92699033 0.88498724 0.
 0.91023642 0.9199723  0.85771316 0.90549433 0.89467961 0.92493546
 0.88046068 0.88454092 0.91583192 0.91572475 0.90990919 0.91564322
 0.92465591 0.93715733 0.92762613 0.92869669 0.92139804 0.91682559
 0.88734376 0.91959101 0.89789504 0.89152491 0.95189762 0.92953146
 0.88007605 0.89202029 0.90071994 0.8858763  0.87701827 0.9324922
 0.89591771 0.87459928 0.86453664 0.9052965  0.91605079 0.88227457
 0.91197085 0.90363801 0.86791021 0.92011493 0.85678238 0.90995789
 0.85514104 0.91695791 0.88197482]","[0.92186272 0.87936974 0.92961097 0.91406935 0.90355784 0.91023642
 0.         0.92835784 0.87777317 0.93863612 0.88908571 0.92550427
 0.89923877 0.92761862 0.93556094 0.93646264 0.92325479 0.91809016
 0.92475253 0.92477137 0.91004175 0.92677081 0.91705817 0.92960143
 0.92709136 0.91881984 0.92298514 0.9200958  0.91459978 0.90552455
 0.92606318 0.90747005 0.92477393 0.90148872 0.90777332 0.91842639
 0.92102855 0.88081962 0.90351498 0.91326404 0.89628917 0.91582704
 0.90650308 0.9173587  0.92159629 0.93269426 0.90299696 0.92282075
 0.88766986 0.91617358 0.91418046]","[0.91985244 0.86169928 0.90074927 0.903651   0.86254245 0.9199723
 0.92835784 0.         0.85796732 0.90892226 0.87474817 0.91649425
 0.86406499 0.89216447 0.9043889  0.91072726 0.8915686  0.88736421
 0.90023029 0.91912091 0.88886213 0.88931441 0.90738666 0.90995073
 0.89255702 0.8981781  0.91264194 0.9056499  0.91092902 0.89169252
 0.92921746 0.87242961 0.90412164 0.875283   0.87707812 0.91540802
 0.90046811 0.84559488 0.85508883 0.87516755 0.88204074 0.88116217
 0.89331657 0.86929804 0.90939772 0.91838592 0.87215632 0.89270842
 0.84942436 0.89004517 0.8865236 ]","[0.85994005 0.83495063 0.85064393 0.88311255 0.88150454 0.85771316
 0.87777317 0.85796732 0.         0.84603477 0.87000048 0.87367547
 0.87464744 0.83542758 0.85223496 0.88180298 0.86971921 0.83485067
 0.87608165 0.88421619 0.84253067 0.85974735 0.84092718 0.86527997
 0.84394735 0.84433728 0.88202888 0.8537187  0.87443453 0.87651592
 0.82934791 0.81097233 0.85052717 0.86698735 0.84063548 0.88194472
 0.88969147 0.86475879 0.8064903  0.83247477 0.89683098 0.84488368
 0.87378669 0.82725298 0.82151806 0.8717128  0.82454675 0.85135531
 0.85360706 0.86188418 0.84703267]","[0.90927142 0.85009497 0.91616863 0.91337705 0.88663214 0.90549433
 0.93863612 0.90892226 0.84603477 0.         0.85637552 0.91400445
 0.88309872 0.93411529 0.93097454 0.92267424 0.9001469  0.91755855
 0.92089957 0.92418981 0.91792876 0.90411794 0.91424197 0.90162551
 0.92235553 0.92791837 0.90026534 0.87229657 0.90599895 0.8946324
 0.89734244 0.9209283  0.90166938 0.86941969 0.91213852 0.90511036
 0.91076845 0.85726213 0.88502687 0.92188686 0.88709962 0.91273379
 0.90009582 0.90098238 0.90104169 0.93219864 0.89511293 0.91128218
 0.85892755 0.90086246 0.90060008]","[0.86975253 0.86686116 0.85317999 0.8708176  0.84757864 0.89467961
 0.88908571 0.87474817 0.87000048 0.85637552 0.         0.86964828
 0.90639031 0.84424305 0.88264155 0.89194542 0.89967704 0.85404623
 0.89862019 0.88041312 0.84626216 0.86104965 0.85911191 0.87440896
 0.84816498 0.84723818 0.87160128 0.87836951 0.910851   0.89546329
 0.84956884 0.82908976 0.86110198 0.88401985 0.83644348 0.86807746
 0.87173176 0.895989   0.84149659 0.8367216  0.8950153  0.86603785
 0.86732829 0.85048038 0.83404958 0.89404649 0.83684444 0.86344928
 0.86706632 0.86893153 0.86988389]","[0.95056289 0.85122389 0.92724907 0.93034089 0.93005031 0.92493546
 0.92550427 0.91649425 0.87367547 0.91400445 0.86964828 0.
 0.88623387 0.89675361 0.9208473  0.92069244 0.90764457 0.89413899
 0.90787184 0.94472212 0.9326207  0.9385125  0.91761857 0.93178439
 0.89704317 0.93692243 0.92730969 0.9074657  0.91270202 0.91843772
 0.91063941 0.88475162 0.94438499 0.888071   0.87873721 0.94701636
 0.91435617 0.87071854 0.87840962 0.92887169 0.91268164 0.8896457
 0.88720071 0.8985185  0.91230947 0.90465736 0.84898007 0.93096018
 0.84353626 0.91405833 0.87925619]","[0.88077396 0.89650351 0.87471777 0.89090353 0.87042779 0.88046068
 0.89923877 0.86406499 0.87464744 0.88309872 0.90639031 0.88623387
 0.         0.8689819  0.91478026 0.90522349 0.93163806 0.88300604
 0.91433632 0.89012361 0.87236559 0.88156176 0.87037981 0.90083385
 0.8730979  0.87653291 0.90412915 0.89540631 0.90168464 0.90447271
 0.8626526  0.85149646 0.88145959 0.90130329 0.84866649 0.89539504
 0.89978975 0.91671401 0.86843419 0.86990887 0.90074968 0.8979097
 0.88598722 0.87164837 0.85754508 0.90822613 0.85578871 0.88988268
 0.89446473 0.88699776 0.89757264]","[0.9011057  0.86028284 0.94121772 0.89820862 0.87320775 0.88454092
 0.92761862 0.89216447 0.83542758 0.93411529 0.84424305 0.89675361
 0.8689819  0.         0.94115359 0.90750855 0.89269704 0.93134862
 0.90020931 0.89495748 0.88447434 0.88194847 0.9269821  0.89906377
 0.95282745 0.91959822 0.89450979 0.87810671 0.88551748 0.86982828
 0.90472537 0.9452852  0.89364207 0.86003232 0.94695997 0.88262069
 0.88420749 0.84804982 0.92610085 0.91270691 0.84535265 0.91934431
 0.87927544 0.90308243 0.91028309 0.90023595 0.93083274 0.89762425
 0.8494308  0.89867377 0.93426383]","[0.93165338 0.88925874 0.93604326 0.91566443 0.90120459 0.91583192
 0.93556094 0.9043889  0.85223496 0.93097454 0.88264155 0.9208473
 0.91478026 0.94115359 0.         0.927746   0.94058341 0.94751602
 0.92548275 0.91940761 0.90992504 0.91931701 0.9329285  0.94114703
 0.92768878 0.92906851 0.92531049 0.90440279 0.9204064  0.9089126
 0.92511785 0.93491989 0.90795404 0.90900427 0.90438098 0.91435879
 0.91528344 0.88229698 0.91436338 0.92500132 0.88968486 0.929398
 0.90545654 0.91735482 0.91280007 0.92198068 0.89716828 0.92586541
 0.87333959 0.93542463 0.93276757]","[0.9206779  0.84681964 0.92266285 0.93647569 0.89762175 0.91572475
 0.93646264 0.91072726 0.88180298 0.92267424 0.89194542 0.92069244
 0.90522349 0.90750855 0.927746   0.         0.92142445 0.92240441
 0.91821015 0.9346897  0.92551017 0.92150384 0.92071873 0.92479169
 0.90720105 0.93058097 0.92350268 0.90678847 0.91943181 0.91592687
 0.90169621 0.88730717 0.9211418  0.88291866 0.86929542 0.93493944
 0.92017174 0.87034345 0.88084769 0.9015916  0.90915364 0.89652413
 0.91658753 0.89380121 0.90430242 0.93721771 0.87255943 0.92925805
 0.8628847  0.91307139 0.91217089]","[0.91472161 0.89653045 0.91116303 0.90977728 0.89763361 0.90990919
 0.92325479 0.8915686  0.86971921 0.9001469  0.89967704 0.90764457
 0.93163806 0.89269704 0.94058341 0.92142445 0.         0.90468723
 0.92516696 0.91702056 0.89585638 0.91080207 0.88888448 0.93258119
 0.89525282 0.90809953 0.92554593 0.91069067 0.93036884 0.92019153
 0.90066224 0.89131415 0.89267021 0.91287315 0.86975676 0.91388077
 0.90651834 0.9070316  0.88815826 0.89406437 0.91384423 0.90787625
 0.90013897 0.88970995 0.88127995 0.90732378 0.86270815 0.91870797
 0.88977093 0.93472272 0.90065312]","[0.91918379 0.8512634  0.92526913 0.92795092 0.8849076  0.91564322
 0.91809016 0.88736421 0.83485067 0.91755855 0.85404623 0.89413899
 0.88300604 0.93134862 0.94751602 0.92240441 0.90468723 0.
 0.90851736 0.90504843 0.90820843 0.90921926 0.93590122 0.92067629
 0.92798162 0.92932767 0.90702736 0.89966017 0.9092111  0.90534633
 0.90855491 0.9303757  0.89573699 0.88068998 0.89825332 0.89905691
 0.89403129 0.86105311 0.9048875  0.90895009 0.88369936 0.91495919
 0.9063915  0.91788006 0.90349138 0.92909771 0.89423567 0.91551787
 0.86177331 0.9235428  0.92946833]","[0.91465515 0.88280421 0.92703545 0.90893435 0.88843018 0.92465591
 0.92475253 0.90023029 0.87608165 0.92089957 0.89862019 0.90787184
 0.91433632 0.90020931 0.92548275 0.91821015 0.92516696 0.90851736
 0.         0.93108684 0.89735597 0.9124831  0.90084404 0.91431648
 0.90036881 0.91846526 0.91672599 0.90618443 0.93728054 0.91259587
 0.87912369 0.87705058 0.90292948 0.87792063 0.90257967 0.91185862
 0.92786962 0.89623249 0.90381092 0.91358495 0.90622067 0.91447967
 0.90526307 0.90071493 0.88156617 0.92143285 0.87808359 0.90620434
 0.89740354 0.90555435 0.90781736]","[0.94189495 0.84839886 0.92973018 0.95497286 0.91455454 0.93715733
 0.92477137 0.91912091 0.88421619 0.92418981 0.88041312 0.94472212
 0.89012361 0.89495748 0.91940761 0.9346897  0.91702056 0.90504843
 0.93108684 0.         0.94995952 0.93593919 0.91851026 0.92841798
 0.89740252 0.95451123 0.93036562 0.89148843 0.93173587 0.92194206
 0.89035869 0.87932009 0.9227041  0.88000005 0.88229412 0.96792191
 0.91137928 0.86566448 0.8785091  0.92872262 0.92226577 0.89012468
 0.91202474 0.91390252 0.89449406 0.924716   0.85936302 0.921682
 0.85565907 0.92770708 0.88910115]","[0.94122076 0.81719118 0.91682285 0.93752789 0.89392883 0.92762613
 0.91004175 0.88886213 0.84253067 0.91792876 0.84626216 0.9326207
 0.87236559 0.88447434 0.90992504 0.92551017 0.89585638 0.90820843
 0.89735597 0.94995952 0.         0.94618344 0.93088043 0.89660162
 0.88326132 0.96012896 0.90308011 0.87136275 0.8905465  0.90515661
 0.87380725 0.88549656 0.9263379  0.86344045 0.85301149 0.9413951
 0.89979351 0.84790742 0.86109477 0.91603339 0.88724065 0.87312168
 0.88877559 0.9086585  0.88966131 0.91629803 0.8456434  0.90809834
 0.83664352 0.90317923 0.87834132]","[0.95061022 0.83060437 0.91236222 0.92471981 0.91225964 0.92869669
 0.92677081 0.88931441 0.85974735 0.90411794 0.86104965 0.9385125
 0.88156176 0.88194847 0.91931701 0.92150384 0.91080207 0.90921926
 0.9124831  0.93593919 0.94618344 0.         0.92082238 0.92155391
 0.88682723 0.93994838 0.91057813 0.89510822 0.90166116 0.91185838
 0.88648289 0.8837617  0.91560447 0.87167919 0.86981136 0.93052357
 0.91047609 0.85552841 0.87641007 0.9180851  0.90003765 0.87922984
 0.87344813 0.91889852 0.88708842 0.89592153 0.83760726 0.92113596
 0.85585481 0.92244726 0.86109948]","[0.93336213 0.83773911 0.92816931 0.9301219  0.87479234 0.92139804
 0.91705817 0.90738666 0.84092718 0.91424197 0.85911191 0.91761857
 0.87037981 0.9269821  0.9329285  0.92071873 0.88888448 0.93590122
 0.90084404 0.91851026 0.93088043 0.92082238 0.         0.90850914
 0.92122924 0.93286461 0.90868187 0.88116068 0.88285029 0.89224595
 0.90337145 0.92460835 0.91522598 0.87028795 0.90607297 0.91355401
 0.89961404 0.83868414 0.87956959 0.90188205 0.86455405 0.90171862
 0.88326877 0.89149678 0.91375345 0.91663921 0.89063424 0.90322101
 0.82965291 0.89723784 0.90722847]","[0.93313569 0.86930507 0.917126   0.92853159 0.9158963  0.91682559
 0.92960143 0.90995073 0.86527997 0.90162551 0.87440896 0.93178439
 0.90083385 0.89906377 0.94114703 0.92479169 0.93258119 0.92067629
 0.91431648 0.92841798 0.89660162 0.92155391 0.90850914 0.
 0.89911109 0.91540062 0.92887223 0.9143604  0.92730725 0.91032535
 0.91197431 0.8908245  0.90734702 0.90385103 0.87734503 0.92914677
 0.91216731 0.87896299 0.89428091 0.91156358 0.90636891 0.90112799
 0.90429676 0.8942337  0.88559818 0.91548419 0.86239266 0.93217009
 0.86206508 0.94269907 0.908894  ]","[0.89071214 0.86210048 0.93291092 0.91019124 0.87530565 0.88734376
 0.92709136 0.89255702 0.84394735 0.92235553 0.84816498 0.89704317
 0.8730979  0.95282745 0.92768878 0.90720105 0.89525282 0.92798162
 0.90036881 0.89740252 0.88326132 0.88682723 0.92122924 0.89911109
 0.         0.91104949 0.90857959 0.89143264 0.89886838 0.8757571
 0.91086519 0.94201165 0.91203803 0.86723143 0.93302506 0.89690989
 0.89879102 0.84004408 0.89114195 0.90020913 0.85528439 0.91553491
 0.87797618 0.88946217 0.92318517 0.9139415  0.92560291 0.90705246
 0.8473841  0.90346426 0.90643692]","[0.94310915 0.82146686 0.95062703 0.94246799 0.90511817 0.91959101
 0.91881984 0.8981781  0.84433728 0.92791837 0.84723818 0.93692243
 0.87653291 0.91959822 0.92906851 0.93058097 0.90809953 0.92932767
 0.91846526 0.95451123 0.96012896 0.93994838 0.93286461 0.91540062
 0.91104949 0.         0.92032921 0.87792271 0.91046488 0.90129519
 0.89445668 0.91601843 0.92053479 0.85625249 0.89203745 0.93995464
 0.9025898  0.85023284 0.88675761 0.9390642  0.89468169 0.89210427
 0.89157695 0.91511971 0.91382903 0.91028893 0.8584854  0.91529447
 0.82525998 0.92023826 0.89376968]","[0.91626233 0.87148756 0.92528635 0.92937177 0.91867125 0.89789504
 0.92298514 0.91264194 0.88202888 0.90026534 0.87160128 0.92730969
 0.90412915 0.89450979 0.92531049 0.92350268 0.92554593 0.90702736
 0.91672599 0.93036562 0.90308011 0.91057813 0.90868187 0.92887223
 0.90857959 0.92032921 0.         0.90380454 0.9153378  0.90372229
 0.89150822 0.88215798 0.91542727 0.89760584 0.87367666 0.93046653
 0.93707186 0.8759222  0.87892061 0.89835954 0.91150218 0.90055597
 0.90197068 0.88827986 0.90202099 0.92154109 0.8661446  0.90426451
 0.85383672 0.90815282 0.89837581]","[0.91737974 0.87978417 0.89308858 0.89188385 0.86281353 0.89152491
 0.9200958  0.9056499  0.8537187  0.87229657 0.87836951 0.9074657
 0.89540631 0.87810671 0.90440279 0.90678847 0.91069067 0.89966017
 0.90618443 0.89148843 0.87136275 0.89510822 0.88116068 0.9143604
 0.89143264 0.87792271 0.90380454 0.         0.90050417 0.90150964
 0.90515584 0.85312349 0.89328128 0.8828252  0.86092412 0.88900971
 0.89061141 0.87041438 0.88704938 0.88068378 0.88950408 0.89395905
 0.88705909 0.88764107 0.89250225 0.90675879 0.8673166  0.90282947
 0.87197632 0.89917153 0.89003843]","[0.91248894 0.87350392 0.90535045 0.92328972 0.89431912 0.95189762
 0.91459978 0.91092902 0.87443453 0.90599895 0.910851   0.91270202
 0.90168464 0.88551748 0.9204064  0.91943181 0.93036884 0.9092111
 0.93728054 0.93173587 0.8905465  0.90166116 0.88285029 0.92730725
 0.89886838 0.91046488 0.9153378  0.90050417 0.         0.9410587
 0.89232367 0.89048922 0.88209945 0.89771289 0.8809824  0.91722757
 0.90242898 0.89428204 0.87461609 0.89515704 0.93571126 0.88728094
 0.92076224 0.88713801 0.86928886 0.92412782 0.85769981 0.91173929
 0.86399996 0.92721784 0.8892206 ]","[0.92215878 0.85065252 0.88208002 0.92281181 0.8981775  0.92953146
 0.90552455 0.89169252 0.87651592 0.8946324  0.89546329 0.91843772
 0.90447271 0.86982828 0.9089126  0.91592687 0.92019153 0.90534633
 0.91259587 0.92194206 0.90515661 0.91185838 0.89224595 0.91032535
 0.8757571  0.90129519 0.90372229 0.90150964 0.9410587  0.
 0.87690634 0.8645066  0.88941467 0.88988537 0.84943783 0.9255743
 0.89583123 0.90629059 0.85720474 0.88687617 0.9581207  0.88722903
 0.90093458 0.88814241 0.86180806 0.91382021 0.83762914 0.91477066
 0.86201197 0.92868251 0.88222551]","[0.911632   0.87167245 0.90564454 0.90312266 0.87014419 0.88007605
 0.92606318 0.92921746 0.82934791 0.89734244 0.84956884 0.91063941
 0.8626526  0.90472537 0.92511785 0.90169621 0.90066224 0.90855491
 0.87912369 0.89035869 0.87380725 0.88648289 0.90337145 0.91197431
 0.91086519 0.89445668 0.89150822 0.90515584 0.89232367 0.87690634
 0.         0.89839661 0.90215099 0.88563645 0.87680119 0.89077795
 0.87292671 0.83895266 0.86969864 0.87181246 0.85775048 0.88971734
 0.87872779 0.86226243 0.94656575 0.90546346 0.87780583 0.8971945
 0.83714223 0.90139043 0.88844156]","[0.89366645 0.84686965 0.9220531  0.90093058 0.86028928 0.89202029
 0.90747005 0.87242961 0.81097233 0.9209283  0.82908976 0.88475162
 0.85149646 0.9452852  0.93491989 0.88730717 0.89131415 0.9303757
 0.87705058 0.87932009 0.88549656 0.8837617  0.92460835 0.8908245
 0.94201165 0.91601843 0.88215798 0.85312349 0.89048922 0.8645066
 0.89839661 0.         0.86289507 0.86189103 0.92596769 0.86675817
 0.87270743 0.83120507 0.88025188 0.89489084 0.84466517 0.89336747
 0.86638832 0.88912416 0.8810674  0.89014858 0.90447825 0.88636255
 0.82136947 0.89702475 0.88540125]","[0.90939879 0.84779626 0.9236629  0.91451728 0.89888901 0.90071994
 0.92477393 0.90412164 0.85052717 0.90166938 0.86110198 0.94438499
 0.88145959 0.89364207 0.90795404 0.9211418  0.89267021 0.89573699
 0.90292948 0.9227041  0.9263379  0.91560447 0.91522598 0.90734702
 0.91203803 0.92053479 0.91542727 0.89328128 0.88209945 0.88941467
 0.90215099 0.86289507 0.         0.86382973 0.86071998 0.93742216
 0.90918088 0.84462851 0.87374204 0.89859343 0.86165941 0.90008718
 0.87656122 0.89102662 0.932145   0.92357934 0.86810076 0.91503805
 0.85587084 0.88300407 0.89526838]","[0.88158518 0.8871541  0.85560173 0.90317523 0.86757046 0.8858763
 0.90148872 0.875283   0.86698735 0.86941969 0.88401985 0.888071
 0.90130329 0.86003232 0.90900427 0.88291866 0.91287315 0.88068998
 0.87792063 0.88000005 0.86344045 0.87167919 0.87028795 0.90385103
 0.86723143 0.85625249 0.89760584 0.8828252  0.89771289 0.88988537
 0.88563645 0.86189103 0.86382973 0.         0.84202486 0.88487226
 0.8880564  0.88067359 0.84072268 0.85417372 0.89140141 0.88615757
 0.88865501 0.8559761  0.85552728 0.90909517 0.8621099  0.88044721
 0.86835569 0.89643067 0.87940139]","[0.87709653 0.85650378 0.92468429 0.87491661 0.85957712 0.87701827
 0.90777332 0.87707812 0.84063548 0.91213852 0.83644348 0.87873721
 0.84866649 0.94695997 0.90438098 0.86929542 0.86975676 0.89825332
 0.90257967 0.88229412 0.85301149 0.86981136 0.90607297 0.87734503
 0.93302506 0.89203745 0.87367666 0.86092412 0.8809824  0.84943783
 0.87680119 0.92596769 0.86071998 0.84202486 0.         0.85953438
 0.87617588 0.83509994 0.91098219 0.90528023 0.83097774 0.89226753
 0.85360581 0.88431007 0.87606466 0.87679827 0.93972337 0.87199074
 0.8477143  0.86822581 0.89359903]","[0.93566787 0.84529257 0.91572249 0.95823878 0.91854167 0.9324922
 0.91842639 0.91540802 0.88194472 0.90511036 0.86807746 0.94701636
 0.89539504 0.88262069 0.91435879 0.93493944 0.91388077 0.89905691
 0.91185862 0.96792191 0.9413951  0.93052357 0.91355401 0.92914677
 0.89690989 0.93995464 0.93046653 0.88900971 0.91722757 0.9255743
 0.89077795 0.86675817 0.93742216 0.88487226 0.85953438 0.
 0.91543031 0.86353868 0.85346967 0.90686136 0.91609704 0.89124298
 0.89640582 0.88980508 0.89360988 0.92449105 0.8522048  0.92532909
 0.84866923 0.91550118 0.87899184]","[0.89251757 0.86963153 0.90459782 0.90313882 0.91687077 0.89591771
 0.92102855 0.90046811 0.88969147 0.91076845 0.87173176 0.91435617
 0.89978975 0.88420749 0.91528344 0.92017174 0.90651834 0.89403129
 0.92786962 0.91137928 0.89979351 0.91047609 0.89961404 0.91216731
 0.89879102 0.9025898  0.93707186 0.89061141 0.90242898 0.89583123
 0.87292671 0.87270743 0.90918088 0.8880564  0.87617588 0.91543031
 0.         0.87624228 0.86009359 0.88529253 0.89698505 0.9006964
 0.90673238 0.87280989 0.87875086 0.9239915  0.87971944 0.89066702
 0.87692761 0.88434345 0.88870472]","[0.86609942 0.85732919 0.85754299 0.86244565 0.8649953  0.87459928
 0.88081962 0.84559488 0.86475879 0.85726213 0.895989   0.87071854
 0.91671401 0.84804982 0.88229698 0.87034345 0.9070316  0.86105311
 0.89623249 0.86566448 0.84790742 0.85552841 0.83868414 0.87896299
 0.84004408 0.85023284 0.8759222  0.87041438 0.89428204 0.90629059
 0.83895266 0.83120507 0.84462851 0.88067359 0.83509994 0.86353868
 0.87624228 0.         0.85256565 0.84444165 0.90375936 0.88562059
 0.88458186 0.83962351 0.82220829 0.88173181 0.82415706 0.87052727
 0.87654376 0.88096172 0.88020396]","[0.87532514 0.87241268 0.92203104 0.86157918 0.86160529 0.86453664
 0.90351498 0.85508883 0.8064903  0.88502687 0.84149659 0.87840962
 0.86843419 0.92610085 0.91436338 0.88084769 0.88815826 0.9048875
 0.90381092 0.8785091  0.86109477 0.87641007 0.87956959 0.89428091
 0.89114195 0.88675761 0.87892061 0.88704938 0.87461609 0.85720474
 0.86969864 0.88025188 0.87374204 0.84072268 0.91098219 0.85346967
 0.86009359 0.85256565 0.         0.91123879 0.82924342 0.88158864
 0.85366148 0.90117979 0.86992049 0.8708213  0.89471579 0.88296425
 0.85652572 0.87830043 0.92643863]","[0.92898238 0.83544236 0.94083726 0.90315729 0.88306475 0.9052965
 0.91326404 0.87516755 0.83247477 0.92188686 0.8367216  0.92887169
 0.86990887 0.91270691 0.92500132 0.9015916  0.89406437 0.90895009
 0.91358495 0.92872262 0.91603339 0.9180851  0.90188205 0.91156358
 0.90020913 0.9390642  0.89835954 0.88068378 0.89515704 0.88687617
 0.87181246 0.89489084 0.89859343 0.85417372 0.90528023 0.90686136
 0.88529253 0.84444165 0.91123879 0.         0.87191314 0.8981266
 0.86234611 0.94428492 0.89047539 0.87826526 0.85427976 0.91040993
 0.83035535 0.901815   0.88353634]","[0.91167378 0.84245861 0.86387432 0.91781509 0.90527827 0.91605079
 0.89628917 0.88204074 0.89683098 0.88709962 0.8950153  0.91268164
 0.90074968 0.84535265 0.88968486 0.90915364 0.91384423 0.88369936
 0.90622067 0.92226577 0.88724065 0.90003765 0.86455405 0.90636891
 0.85528439 0.89468169 0.91150218 0.88950408 0.93571126 0.9581207
 0.85775048 0.84466517 0.86165941 0.89140141 0.83097774 0.91609704
 0.89698505 0.90375936 0.82924342 0.87191314 0.         0.86563277
 0.91391295 0.87133217 0.84031564 0.91065466 0.81707168 0.89568943
 0.85185462 0.91852725 0.86463046]","[0.89085215 0.8776508  0.90194499 0.89583468 0.8675788  0.88227457
 0.91582704 0.88116217 0.84488368 0.91273379 0.86603785 0.8896457
 0.8979097  0.91934431 0.929398   0.89652413 0.90787625 0.91495919
 0.91447967 0.89012468 0.87312168 0.87922984 0.90171862 0.90112799
 0.91553491 0.89210427 0.90055597 0.89395905 0.88728094 0.88722903
 0.88971734 0.89336747 0.90008718 0.88615757 0.89226753 0.89124298
 0.9006964  0.88562059 0.88158864 0.8981266  0.86563277 0.
 0.87780607 0.88376111 0.88228285 0.905599   0.89424443 0.91001338
 0.88652831 0.89927053 0.91014415]","[0.892838   0.84905136 0.881311   0.91119421 0.88073051 0.91197085
 0.90650308 0.89331657 0.87378669 0.90009582 0.86732829 0.88720071
 0.88598722 0.87927544 0.90545654 0.91658753 0.90013897 0.9063915
 0.90526307 0.91202474 0.88877559 0.87344813 0.88326877 0.90429676
 0.87797618 0.89157695 0.90197068 0.88705909 0.92076224 0.90093458
 0.87872779 0.86638832 0.87656122 0.88865501 0.85360581 0.89640582
 0.90673238 0.88458186 0.85366148 0.86234611 0.91391295 0.87780607
 0.         0.87026441 0.86047685 0.93963015 0.86609507 0.87444544
 0.8642537  0.90171373 0.90910017]","[0.91331089 0.84721768 0.9112674  0.88785434 0.87353814 0.90363801
 0.9173587  0.86929804 0.82725298 0.90098238 0.85048038 0.8985185
 0.87164837 0.90308243 0.91735482 0.89380121 0.88970995 0.91788006
 0.90071493 0.91390252 0.9086585  0.91889852 0.89149678 0.8942337
 0.88946217 0.91511971 0.88827986 0.88764107 0.88713801 0.88814241
 0.86226243 0.88912416 0.89102662 0.8559761  0.88431007 0.88980508
 0.87280989 0.83962351 0.90117979 0.94428492 0.87133217 0.88376111
 0.87026441 0.         0.87257886 0.88705933 0.8639459  0.89446568
 0.86567044 0.90003401 0.88007718]","[0.90588742 0.84498149 0.92444313 0.89758009 0.85606724 0.86791021
 0.92159629 0.90939772 0.82151806 0.90104169 0.83404958 0.91230947
 0.85754508 0.91028309 0.91280007 0.90430242 0.88127995 0.90349138
 0.88156617 0.89449406 0.88966131 0.88708842 0.91375345 0.88559818
 0.92318517 0.91382903 0.90202099 0.89250225 0.86928886 0.86180806
 0.94656575 0.8810674  0.932145   0.85552728 0.87606466 0.89360988
 0.87875086 0.82220829 0.86992049 0.89047539 0.84031564 0.88228285
 0.86047685 0.87257886 0.         0.90530443 0.87190163 0.89373249
 0.82871783 0.87779778 0.88453811]","[0.90468025 0.87928581 0.89277309 0.9312464  0.87878454 0.92011493
 0.93269426 0.91838592 0.8717128  0.93219864 0.89404649 0.90465736
 0.90822613 0.90023595 0.92198068 0.93721771 0.90732378 0.92909771
 0.92143285 0.924716   0.91629803 0.89592153 0.91663921 0.91548419
 0.9139415  0.91028893 0.92154109 0.90675879 0.92412782 0.91382021
 0.90546346 0.89014858 0.92357934 0.90909517 0.87679827 0.92449105
 0.9239915  0.88173181 0.8708213  0.87826526 0.91065466 0.905599
 0.93963015 0.88705933 0.90530443 0.         0.89560497 0.91149437
 0.89241225 0.90497714 0.92651862]","[0.84681398 0.87269831 0.88599908 0.87176198 0.84484243 0.85678238
 0.90299696 0.87215632 0.82454675 0.89511293 0.83684444 0.84898007
 0.85578871 0.93083274 0.89716828 0.87255943 0.86270815 0.89423567
 0.87808359 0.85936302 0.8456434  0.83760726 0.89063424 0.86239266
 0.92560291 0.8584854  0.8661446  0.8673166  0.85769981 0.83762914
 0.87780583 0.90447825 0.86810076 0.8621099  0.93972337 0.8522048
 0.87971944 0.82415706 0.89471579 0.85427976 0.81707168 0.89424443
 0.86609507 0.8639459  0.87190163 0.89560497 0.         0.85641056
 0.86974299 0.85771143 0.91017777]","[0.92433774 0.85274905 0.90662509 0.92518592 0.89052832 0.90995789
 0.92282075 0.89270842 0.85135531 0.91128218 0.86344928 0.93096018
 0.88988268 0.89762425 0.92586541 0.92925805 0.91870797 0.91551787
 0.90620434 0.921682   0.90809834 0.92113596 0.90322101 0.93217009
 0.90705246 0.91529447 0.90426451 0.90282947 0.91173929 0.91477066
 0.8971945  0.88636255 0.91503805 0.88044721 0.87199074 0.92532909
 0.89066702 0.87052727 0.88296425 0.91040993 0.89568943 0.91001338
 0.87444544 0.89446568 0.89373249 0.91149437 0.85641056 0.
 0.87159628 0.92503572 0.89251071]","[0.84273928 0.89006615 0.84775376 0.84460485 0.83845592 0.85514104
 0.88766986 0.84942436 0.85360706 0.85892755 0.86706632 0.84353626
 0.89446473 0.8494308  0.87333959 0.8628847  0.88977093 0.86177331
 0.89740354 0.85565907 0.83664352 0.85585481 0.82965291 0.86206508
 0.8473841  0.82525998 0.85383672 0.87197632 0.86399996 0.86201197
 0.83714223 0.82136947 0.85587084 0.86835569 0.8477143  0.84866923
 0.87692761 0.87654376 0.85652572 0.83035535 0.85185462 0.88652831
 0.8642537  0.86567044 0.82871783 0.89241225 0.86974299 0.87159628
 0.         0.85650426 0.87612724]","[0.93855184 0.85769957 0.90790111 0.92911452 0.89854413 0.91695791
 0.91617358 0.89004517 0.86188418 0.90086246 0.86893153 0.91405833
 0.88699776 0.89867377 0.93542463 0.91307139 0.93472272 0.9235428
 0.90555435 0.92770708 0.90317923 0.92244726 0.89723784 0.94269907
 0.90346426 0.92023826 0.90815282 0.89917153 0.92721784 0.92868251
 0.90139043 0.89702475 0.88300407 0.89643067 0.86822581 0.91550118
 0.88434345 0.88096172 0.87830043 0.901815   0.91852725 0.89927053
 0.90171373 0.90003401 0.87779778 0.90497714 0.85771143 0.92503572
 0.85650426 0.         0.89365536]","[0.88651747 0.88563395 0.90845925 0.89782822 0.86185211 0.88197482
 0.91418046 0.8865236  0.84703267 0.90060008 0.86988389 0.87925619
 0.89757264 0.93426383 0.93276757 0.91217089 0.90065312 0.92946833
 0.90781736 0.88910115 0.87834132 0.86109948 0.90722847 0.908894
 0.90643692 0.89376968 0.89837581 0.89003843 0.8892206  0.88222551
 0.88844156 0.88540125 0.89526838 0.87940139 0.89359903 0.87899184
 0.88870472 0.88020396 0.92643863 0.88353634 0.86463046 0.91014415
 0.90910017 0.88007718 0.88453811 0.92651862 0.91017777 0.89251071
 0.87612724 0.89365536 0.        ]"
